692
0.25 0.42 0.33 
1 0 0
731
0.5 0.49 0.01 
0 0 1 
1865
0.00001 0.05 0.95 
0 0 1 
864
1.0 0.00001 0.00001 
1 0 0 
704
1.0 0.00001 0.00001 
1 0 0 
1376
0.4 0.22 0.38 
0 0 1 
755
0.75 0.08 0.17 
0 0 1 
1808
1.0 0.00001 0.00001 
1 0 0 
2144
0.00001 0.27 0.73 
0 0 1 
845
0.75 0.2 0.05 
1 0 0 
1401
0.25 0.22 0.53 
0 0 1 
1383
0.4 0.5 0.1 
1 0 0 
863
0.2 
0 
858
0.5 0.09 0.41 
1 0 0 
1363
0.6 0.12 0.28 
0 0 1 
861
0.6 0.07 0.33 
0 0 1 
2149
0.5 
0 
1417
0.00001 
0 
756
0.2 
0 
1859
0.2 
0 
1370
0.25 
0 
2113
0.25 0.69 0.06 
0 0 1 
1368
0.6 0.35 0.05 
1 0 0 
742
0.00001 0.57 0.43 
0 0 1 
1867
0.25 0.03 0.72 
0 0 1 
893
0.8 0.1 0.1 
1 0 0 
828
0.00001 
0 
885
1.0 0.00001 0.00001 
1 0 0 
716
0.5 0.35 0.15 
1 0 0 
1407
0.25 0.17 0.58 
0 0 1 
1380
0.00001 0.74 0.26 
0 1 0 
2162
0.4 0.11 0.49 
0 0 1 
1393
0.75 0.15 0.1 
1 0 0 
882
0.25 0.05 0.7 
0 0 1 
887
0.2 0.31 0.49 
0 0 1 
736
1.0 0.00001 0.00001 
1 0 0 
2151
0.00001 
0 
2157
0.6 0.24 0.16 
0 0 1 
1411
0.5 0.29 0.21 
0 0 1 
1862
0.4 0.08 0.52 
0 0 1 
2163
0.4 0.35 0.25 
0 0 1 
1372
0.25 
0 
899
1.0 0.00001 0.00001 
1 0 0 
807
1.0 0.00001 0.00001 
1 0 0 
1853
0.00001 0.59 0.41 
0 0 1 
868
0.4 
0 
832
0.75 0.07 0.18 
1 0 0 
880
1.0 0.00001 0.00001 
1 0 0 
850
1.0 0.00001 0.00001 
1 0 0 
715
1.0 0.00001 0.00001 
1 0 0 
1412
0.6 0.38 0.02 
1 0 0 
2168
0.25 
0 
696
0.75 0.14 0.11 
1 0 0 
2176
0.00001 
0 
892
0.75 0.21 0.04 
1 0 0 
1860
0.00001 0.08 0.92 
0 1 0 
1365
0.2 0.08 0.72 
0 0 1 
2153
0.6 0.11 0.29 
1 0 0 
1418
0.75 0.04 0.21 
1 0 0 
734
0.4 0.42 0.18 
0 0 1 
1866
0.2 0.51 0.29 
0 0 1 
1389
0.2 0.18 0.62 
0 0 1 
862
0.5 0.37 0.13 
1 0 0 
872
0.2 0.01 0.79 
1 0 0 
898
0.75 0.1 0.15 
1 0 0 
1869
0.2 0.76 0.04 
0 0 1 
1809
0.6 0.05 0.35 
1 0 0 
1390
1.0 0.00001 0.00001 
1 0 0 
729
0.6 0.1 0.3 
0 0 1 
1828
0.6 
0 
1398
1.0 0.00001 0.00001 
1 0 0 
1863
0.00001 
0 
852
0.00001 0.44 0.56 
0 0 1 
883
0.5 0.03 0.47 
1 0 0 
856
0.75 0.05 0.2 
1 0 0 
2148
0.2 0.24 0.56 
0 0 1 
1385
0.25 
0 
840
0.4 
0 
876
0.75 0.13 0.12 
1 0 0 
1813
0.00001 
0 
758
0.6 
0 
2146
0.00001 0.6 0.4 
0 1 0 
726
0.2 0.06 0.74 
1 0 0 
888
0.4 0.53 0.07 
1 0 0 
825
0.25 
1 
878
0.8 0.04 0.16 
1 0 0 
2155
0.5 0.49 0.01 
0 0 1 
1861
0.75 0.2 0.05 
1 0 0 
894
0.5 0.45 0.05 
1 0 0 
2112
0.00001 
0 
759
0.8 0.16 0.04 
1 0 0 
859
0.25 0.39 0.36 
0 1 0 
1854
0.2 
0 
1405
0.5 0.19 0.31 
1 0 0 
2145
0.00001 0.08 0.92 
0 1 0 
2117
0.2 0.42 0.38 
0 0 1 
2167
0.00001 0.1 0.9 
0 1 0 
853
1.0 0.00001 0.00001 
1 0 0 
904
0.6 0.06 0.34 
1 0 0 
2173
0.4 0.42 0.18 
0 1 0 
897
0.6 0.21 0.19 
1 0 0 
1387
1.0 0.00001 0.00001 
1 0 0 
1800
0.00001 0.24 0.76 
0 0 1 
749
0.25 0.23 0.52 
1 0 0 
2169
0.00001 0.05 0.95 
0 0 1 
741
0.75 0.03 0.22 
1 0 0 
833
0.75 0.23 0.02 
1 0 0 
865
0.6 
0 
724
1.0 0.00001 0.00001 
1 0 0 
875
1.0 0.00001 0.00001 
1 0 0 
870
0.6 0.11 0.29 
1 0 0 
881
0.8 0.08 0.12 
1 0 0 
689
0.75 0.06 0.19 
1 0 0 
727
0.00001 0.17 0.83 
0 0 1 
722
0.2 0.25 0.55 
0 0 1 
711
1.0 0.00001 0.00001 
1 0 0 
1367
0.5 0.43 0.07 
0 0 1 
739
0.8 0.02 0.18 
1 0 0 
905
0.6 0.39 0.01 
0 0 1 
846
0.75 0.23 0.02 
1 0 0 
901
0.75 0.11 0.14 
1 0 0 
1856
0.4 0.42 0.18 
0 0 1 
1388
0.75 0.05 0.2 
0 0 1 
866
0.75 0.15 0.1 
1 0 0 
839
0.6 0.15 0.25 
1 0 0 
854
0.5 0.27 0.23 
0 0 1 
900
0.75 0.02 0.23 
0 0 1 
1410
0.25 0.13 0.62 
0 0 1 
2152
0.2 0.49 0.31 
0 0 1 
831
0.25 
0 
1850
0.4 0.16 0.44 
0 0 1 
1374
0.6 
0 
2175
0.25 0.69 0.06 
0 1 0 
1885
0.4 0.39 0.21 
0 1 0 
1641
0.25 0.33 0.42 
1 0 0 
1662
0.4 
0 
1697
0.75 0.18 0.07 
1 0 0 
1650
0.25 0.03 0.72 
0 0 1 
2090
0.4 0.2 0.4 
0 1 0 
1683
0.4 0.06 0.54 
0 0 1 
1645
0.00001 0.61 0.39 
0 0 1 
1886
1.0 0.00001 0.00001 
1 0 0 
1820
0.4 0.56 0.04 
0 1 0 
1615
0.4 
0 
1999
0.2 0.57 0.23 
0 0 1 
1598
1.0 0.00001 0.00001 
1 0 0 
1696
0.75 0.12 0.13 
1 0 0 
1876
0.00001 0.73 0.27 
0 0 1 
1688
0.75 
0 
1654
0.8 0.16 0.04 
1 0 0 
1628
0.5 0.44 0.06 
0 0 1 
2010
0.25 0.35 0.4 
0 0 1 
1620
0.5 0.4 0.1 
0 1 0 
1923
0.75 0.05 0.2 
1 0 0 
1911
1.0 0.00001 0.00001 
1 0 0 
1694
0.8 0.12 0.08 
1 0 0 
1899
0.00001 0.19 0.81 
0 1 0 
1875
0.8 0.11 0.09 
1 0 0 
1642
0.2 
0 
1611
0.75 0.1 0.15 
1 0 0 
1921
1.0 0.00001 0.00001 
1 0 0 
1880
0.4 
0 
1907
0.2 0.04 0.76 
0 0 1 
1666
0.2 0.34 0.46 
0 0 1 
1664
0.75 0.08 0.17 
1 0 0 
1872
0.5 0.16 0.34 
1 0 0 
1617
0.2 
0 
1693
0.8 0.18 0.02 
0 0 1 
1689
0.75 0.05 0.2 
1 0 0 
1640
0.00001 0.63 0.37 
1 0 0 
1607
0.00001 
0 
1940
0.25 0.16 0.59 
1 0 0 
1609
1.0 0.00001 0.00001 
1 0 0 
1673
0.6 0.33 0.07 
0 0 1 
1680
0.4 
0 
1630
0.75 
0 
1947
0.8 0.15 0.05 
1 0 0 
1625
0.75 0.06 0.19 
1 0 0 
1646
0.6 0.27 0.13 
0 0 1 
1668
0.5 0.24 0.26 
1 0 0 
1623
0.5 0.49 0.01 
1 0 0 
1890
0.4 0.57 0.03 
0 1 0 
1897
1.0 0.00001 0.00001 
1 0 0 
2008
0.5 0.03 0.47 
0 0 1 
1667
0.25 0.72 0.03 
0 0 1 
1657
0.4 0.57 0.03 
0 0 1 
1621
0.6 0.39 0.01 
1 0 0 
1687
0.75 0.07 0.18 
1 0 0 
1661
1.0 0.00001 0.00001 
1 0 0 
1998
0.6 0.27 0.13 
0 0 1 
1634
0.8 0.05 0.15 
1 0 0 
1877
1.0 0.00001 0.00001 
1 0 0 
1938
0.75 
0 
1616
0.75 0.07 0.18 
1 0 0 
1952
0.5 0.4 0.1 
1 0 0 
1888
1.0 0.00001 0.00001 
1 0 0 
1873
0.4 0.37 0.23 
1 0 0 
1672
0.2 0.75 0.05 
0 1 0 
1874
0.8 0.04 0.16 
0 1 0 
1894
0.00001 0.74 0.26 
0 1 0 
1603
0.5 0.2 0.3 
1 0 0 
2062
0.00001 0.03 0.97 
0 0 1 
2087
0.2 0.34 0.46 
0 1 0 
1900
0.75 0.01 0.24 
1 0 0 
1627
1.0 0.00001 0.00001 
1 0 0 
2092
0.25 0.03 0.72 
0 0 1 
1663
0.2 0.57 0.23 
0 1 0 
1669
0.6 0.15 0.25 
1 0 0 
1881
0.8 0.17 0.03 
1 0 0 
1901
0.4 0.17 0.43 
0 0 1 
1686
0.4 0.41 0.19 
0 1 0 
1624
0.4 0.39 0.21 
0 1 0 
1878
0.00001 0.67 0.33 
0 1 0 
1895
1.0 0.00001 0.00001 
1 0 0 
1622
0.6 0.11 0.29 
0 0 1 
1629
0.4 0.31 0.29 
0 0 1 
1647
0.75 0.18 0.07 
0 0 1 
1893
0.25 0.2 0.55 
0 1 0 
1459
0.5 0.05 0.45 
0 0 1 
2006
1.0 0.00001 0.00001 
0 0 1 
1618
0.00001 0.53 0.47 
0 0 1 
1682
0.5 0.17 0.33 
1 0 0 
1608
0.2 0.79 0.01 
0 0 1 
1948
0.8 0.17 0.03 
1 0 0 
2063
0.00001 0.77 0.23 
0 0 1 
1675
0.5 0.22 0.28 
0 0 1 
1922
0.8 0.14 0.06 
1 0 0 
1644
0.4 0.1 0.5 
0 0 1 
1913
0.4 0.17 0.43 
0 0 1 
1889
0.6 0.38 0.02 
1 0 0 
1613
0.4 0.11 0.49 
1 0 0 
1884
0.4 0.23 0.37 
0 1 0 
1871
0.75 0.21 0.04 
1 0 0 
1691
0.25 0.37 0.38 
1 0 0 
2014
0.25 0.54 0.21 
0 0 1 
1896
0.5 0.34 0.16 
0 0 1 
1898
1.0 0.00001 0.00001 
1 0 0 
1891
1.0 0.00001 0.00001 
1 0 0 
276
0.6 0.08 0.32 
1 0 0 
93
1.0 0.00001 0.00001 
1 0 0 
298
0.75 0.07 0.18 
1 0 0 
2025
0.8 0.11 0.09 
0 0 1 
263
0.2 0.05 0.75 
1 0 0 
312
0.75 0.19 0.06 
1 0 0 
323
0.75 0.22 0.03 
0 0 1 
2019
0.6 0.1 0.3 
0 0 1 
1846
0.25 0.09 0.66 
0 0 1 
113
0.5 0.35 0.15 
0 0 1 
293
0.75 0.2 0.05 
1 0 0 
2024
0.00001 0.73 0.27 
0 0 1 
2021
0.5 0.23 0.27 
0 0 1 
316
1.0 0.00001 0.00001 
0 0 0 
932
1.0 0.00001 0.00001 
1 0 0 
300
1.0 0.00001 0.00001 
1 0 0 
322
1.0 0.00001 0.00001 
1 0 0 
306
0.6 0.04 0.36 
1 0 0 
2016
0.00001 0.04 0.96 
1 0 0 
317
1.0 0.00001 0.00001 
1 0 0 
966
0.25 0.48 0.27 
1 0 0 
967
0.5 0.13 0.37 
0 0 1 
75
0.8 0.11 0.09 
1 0 0 
285
0.75 0.19 0.06 
1 0 0 
2018
0.2 0.46 0.34 
0 0 1 
311
0.6 0.31 0.09 
1 0 0 
2022
0.75 0.15 0.1 
0 0 1 
305
1.0 0.00001 0.00001 
1 0 0 
101
0.8 0.06 0.14 
1 0 0 
313
1.0 0.00001 0.00001 
1 0 0 
1849
0.25 0.15 0.6 
0 0 1 
1815
0.5 0.03 0.47 
0 0 1 
2027
0.5 0.12 0.38 
0 0 1 
1358
0.5 0.31 0.19 
0 0 1 
937
0.75 0.03 0.22 
1 0 0 
104
0.2 0.69 0.11 
0 0 1 
2121
0.2 0.72 0.08 
0 1 0 
261
0.5 0.12 0.38 
1 0 0 
2023
0.25 0.66 0.09 
0 0 1 
277
1.0 0.00001 0.00001 
1 0 0 
2138
0.75 0.14 0.11 
0 0 1 
2020
0.6 0.03 0.37 
0 0 1 
310
0.75 0.13 0.12 
1 0 0 
2136
0.25 0.3 0.45 
0 0 1 
2026
0.5 0.12 0.38 
0 0 1 
968
1.0 0.00001 0.00001 
1 0 0 
136
0.2 0.68 0.12 
0 0 1 
320
0.6 0.22 0.18 
0 0 1 
962
0.00001 0.87 0.13 
0 0 1 
315
0.75 0.06 0.19 
1 0 0 
272
0.8 0.19 0.01 
1 0 0 
281
0.5 0.39 0.11 
1 0 0 
291
0.5 0.45 0.05 
1 0 0 
2135
0.25 0.31 0.44 
0 0 1 
2127
0.00001 0.92 0.08 
0 0 1 
959
0.00001 0.76 0.24 
0 0 1 
116
0.6 0.09 0.31 
1 0 0 
2017
0.4 0.42 0.18 
0 1 0 
1814
0.8 0.17 0.03 
1 0 0 
934
0.25 0.36 0.39 
0 0 1 
936
0.6 0.34 0.06 
0 0 1 
325
1.0 0.00001 0.00001 
1 0 0 
1847
0.5 0.03 0.47 
0 1 0 
2129
0.00001 0.24 0.76 
0 0 1 
938
0.25 0.42 0.33 
0 0 1 
82
1.0 0.00001 0.00001 
1 0 0 
303
0.8 0.14 0.06 
1 0 0 
103
0.00001 0.58 0.42 
0 0 1 
134
0.5 0.12 0.38 
0 0 1 
961
0.4 0.36 0.24 
1 0 0 
266
0.75 0.08 0.17 
1 0 0 
1848
0.6 0.38 0.02 
0 0 1 
321
1.0 0.00001 0.00001 
1 0 0 
133
0.75 0.23 0.02 
1 0 0 
278
0.8 0.19 0.01 
1 0 0 
965
0.5 0.36 0.14 
0 0 1 
2139
0.8 0.09 0.11 
0 0 1 
550
0.00001 0.62 0.38 
0 0 1 
25
0.00001 0.04 0.96 
0 0 1 
2123
0.2 0.48 0.32 
0 0 1 
2122
0.00001 0.47 0.53 
0 0 1 
1816
0.4 0.05 0.55 
0 0 1 
283
0.4 0.12 0.48 
1 0 0 
308
0.25 0.6 0.15 
0 1 0 
1271
0.2 0.18 0.62 
1 0 0 
1349
0.2 
0 
1299
0.75 0.2 0.05 
1 0 0 
1285
0.5 0.17 0.33 
0 0 1 
1333
0.5 
0 
1216
0.8 0.06 0.14 
1 0 0 
1325
0.6 0.06 0.34 
0 0 1 
1309
0.5 0.12 0.38 
1 0 0 
1301
0.25 0.37 0.38 
0 1 0 
1196
0.00001 0.8 0.2 
0 0 1 
1223
0.8 0.13 0.07 
1 0 0 
1353
0.25 
0 
1265
1.0 0.00001 0.00001 
1 0 0 
1305
0.2 0.58 0.22 
1 0 0 
1201
0.75 0.2 0.05 
0 0 1 
1212
1.0 
0 
1341
0.25 
0 
1252
0.8 0.18 0.02 
1 0 0 
2097
0.75 0.23 0.02 
0 0 1 
1321
0.4 0.46 0.14 
0 0 1 
1310
0.6 0.04 0.36 
0 1 0 
1154
0.8 0.11 0.09 
1 0 0 
1277
1.0 0.00001 0.00001 
1 0 0 
1334
0.75 0.03 0.22 
0 0 1 
1307
0.00001 0.59 0.41 
0 0 1 
1324
0.75 
0 
1300
1.0 0.00001 0.00001 
1 0 0 
1263
0.8 0.05 0.15 
1 0 0 
1189
1.0 0.00001 0.00001 
1 0 0 
1218
0.4 0.32 0.28 
0 0 1 
1236
0.25 0.09 0.66 
0 0 1 
1282
0.8 0.11 0.09 
0 0 1 
1240
0.75 0.16 0.09 
1 0 0 
1275
1.0 0.00001 0.00001 
1 0 0 
1356
0.75 
0 
1195
1.0 0.00001 0.00001 
1 0 0 
1163
1.0 0.00001 0.00001 
1 0 0 
2093
0.5 
0 
1337
0.4 
0 
1288
1.0 0.00001 0.00001 
1 0 0 
1273
0.6 0.35 0.05 
1 0 0 
1328
0.8 0.15 0.05 
0 0 1 
1290
0.75 0.11 0.14 
1 0 0 
1214
0.8 0.1 0.1 
1 0 0 
1322
0.25 0.66 0.09 
0 0 1 
1318
0.8 0.06 0.14 
0 0 1 
1352
0.75 
0 
1233
0.5 0.17 0.33 
1 0 0 
1284
0.75 0.2 0.05 
1 0 0 
2103
0.8 0.18 0.02 
0 0 1 
1354
0.8 
0 
1276
0.25 0.38 0.37 
1 0 0 
1208
1.0 0.00001 0.00001 
1 0 0 
1260
0.6 0.11 0.29 
1 0 0 
1250
0.8 0.05 0.15 
1 0 0 
1183
0.6 0.35 0.05 
0 0 1 
1342
0.75 
0 
1303
0.25 0.37 0.38 
0 0 1 
1350
0.5 
0 
1245
1.0 0.00001 0.00001 
1 0 0 
1315
0.5 0.24 0.26 
1 0 0 
1280
1.0 0.00001 0.00001 
1 0 0 
1213
0.8 0.19 0.01 
1 0 0 
1198
0.5 0.06 0.44 
0 0 1 
1339
0.5 0.42 0.08 
0 0 1 
1351
0.75 
0 
2096
0.6 
0 
1283
1.0 0.00001 0.00001 
1 0 0 
1292
0.6 0.28 0.12 
0 0 1 
2109
0.5 0.13 0.37 
0 0 1 
1274
1.0 0.00001 0.00001 
1 0 0 
1316
0.6 0.13 0.27 
1 0 0 
1317
0.8 0.12 0.08 
0 0 1 
1235
0.5 
0 
1313
1.0 0.00001 0.00001 
1 0 0 
1251
1.0 0.00001 0.00001 
1 0 0 
1330
0.75 0.01 0.24 
1 0 0 
1355
0.5 
0 
1261
0.75 0.18 0.07 
1 0 0 
1338
0.5 0.24 0.26 
1 0 0 
1311
0.8 0.17 0.03 
1 0 0 
1327
0.00001 
0 
1168
0.75 0.18 0.07 
1 0 0 
1231
1.0 0.00001 0.00001 
0 0 1 
1253
0.75 0.1 0.15 
1 0 0 
1347
0.00001 0.31 0.69 
0 0 1 
1302
0.5 0.05 0.45 
0 0 1 
1308
0.6 0.07 0.33 
0 0 1 
1340
0.8 0.02 0.18 
0 0 1 
2106
0.25 0.58 0.17 
0 0 1 
1343
0.4 0.26 0.34 
1 0 0 
1194
1.0 0.00001 0.00001 
0 0 1 
1258
0.4 0.59 0.01 
1 0 0 
1249
0.25 0.53 0.22 
0 0 1 
1332
1.0 
0 
2108
0.6 0.32 0.08 
0 0 1 
1335
0.2 0.77 0.03 
1 0 0 
1174
0.75 0.13 0.12 
0 1 1 
1278
0.5 0.15 0.35 
1 0 0 
1348
0.5 0.03 0.47 
0 0 1 
1266
0.75 0.02 0.23 
1 0 0 
1319
0.4 0.5 0.1 
0 0 1 
1248
0.5 0.35 0.15 
0 0 1 
1270
1.0 0.00001 0.00001 
1 0 0 
1267
0.25 0.66 0.09 
0 0 1 
1192
0.6 0.31 0.09 
1 0 0 
1166
0.75 0.13 0.12 
1 0 0 
2102
0.2 0.71 0.09 
0 0 1 
1336
0.8 0.15 0.05 
0 0 1 
1203
1.0 0.00001 0.00001 
0 0 1 
1312
1.0 0.00001 0.00001 
1 0 0 
1268
0.75 0.17 0.08 
1 0 0 
1987
0.75 0.1 0.15 
1 0 0 
1995
0.5 0.4 0.1 
1 0 0 
1420
0.5 0.28 0.22 
0 0 1 
1994
0.75 0.03 0.22 
1 0 0 
507
0.75 0.18 0.07 
1 0 0 
1979
0.4 0.5 0.1 
0 0 1 
35
0.75 0.2 0.05 
1 0 0 
1957
0.4 0.24 0.36 
0 0 1 
1955
0.75 0.09 0.16 
1 0 0 
1990
0.8 0.04 0.16 
0 0 1 
1427
0.8 0.05 0.15 
0 0 1 
1441
0.4 0.05 0.55 
0 0 1 
1984
0.75 0.08 0.17 
0 0 1 
553
0.4 0.28 0.32 
0 0 1 
1992
0.25 0.37 0.38 
0 0 1 
2049
1.0 0.00001 0.00001 
1 0 0 
1962
0.4 0.38 0.22 
0 0 1 
1425
0.00001 0.49 0.51 
0 0 1 
1421
0.5 0.41 0.09 
0 0 1 
48
0.75 0.17 0.08 
1 0 0 
1445
0.25 0.51 0.24 
0 0 1 
539
0.25 0.34 0.41 
0 0 1 
1956
0.25 0.27 0.48 
0 0 1 
1969
0.75 0.04 0.21 
1 0 0 
1988
1.0 0.00001 0.00001 
1 0 0 
1981
0.5 0.02 0.48 
0 0 1 
1422
0.8 0.07 0.13 
1 0 0 
39
1.0 0.00001 0.00001 
1 0 0 
1954
0.00001 0.31 0.69 
0 0 1 
1442
0.6 0.08 0.32 
0 0 1 
472
1.0 0.00001 0.00001 
1 0 0 
554
0.00001 0.96 0.04 
0 0 1 
1980
1.0 0.00001 0.00001 
1 0 0 
1960
0.6 0.27 0.13 
0 0 1 
473
0.5 0.28 0.22 
1 0 0 
1964
0.00001 0.21 0.79 
0 0 1 
1968
1.0 0.00001 0.00001 
1 0 0 
1424
0.5 0.35 0.15 
0 0 1 
1432
0.2 0.73 0.07 
0 0 1 
1359
0.4 0.22 0.38 
0 0 1 
1996
1.0 0.00001 0.00001 
1 0 0 
1423
1.0 0.00001 0.00001 
1 0 0 
1982
0.5 0.4 0.1 
0 0 1 
1595
0.8 0.17 0.03 
1 0 0 
2029
0.4 0.09 0.51 
0 0 1 
2035
0.4 0.57 0.03 
0 0 1 
1531
0.25 0.08 0.67 
0 0 1 
1521
0.25 0.49 0.26 
1 0 0 
1480
0.8 0.03 0.17 
1 0 0 
2038
0.2 0.56 0.24 
0 0 1 
2040
0.2 0.75 0.05 
0 0 1 
2039
0.2 0.66 0.14 
0 0 1 
1504
0.25 0.19 0.56 
0 0 1 
1512
0.8 0.16 0.04 
1 0 0 
1572
0.5 0.35 0.15 
1 0 0 
1451
1.0 0.00001 0.00001 
1 0 0 
1498
0.6 0.35 0.05 
0 0 1 
1566
1.0 0.00001 0.00001 
1 0 0 
1468
1.0 0.00001 0.00001 
1 0 0 
1541
0.75 0.2 0.05 
1 0 0 
1508
0.25 0.35 0.4 
1 0 0 
2041
0.8 0.03 0.17 
0 0 1 
1550
0.75 0.12 0.13 
1 0 0 
2079
0.5 0.28 0.22 
0 0 1 
1525
0.5 0.33 0.17 
1 0 0 
1573
0.8 0.1 0.1 
1 0 0 
1582
0.25 0.26 0.49 
0 0 1 
1561
0.5 0.45 0.05 
1 0 0 
2047
0.4 0.35 0.25 
0 0 1 
1588
0.75 0.23 0.02 
1 0 0 
1559
1.0 
1 
2088
0.00001 0.18 0.82 
0 0 1 
1540
0.4 0.53 0.07 
1 0 0 
1533
1.0 0.00001 0.00001 
1 0 0 
1483
0.5 0.44 0.06 
1 0 0 
1597
1.0 0.00001 0.00001 
1 0 0 
1476
0.5 0.23 0.27 
1 0 0 
1589
0.25 0.18 0.57 
0 0 1 
2030
0.8 0.18 0.02 
0 0 1 
1461
0.4 0.04 0.56 
1 0 0 
1586
0.2 0.68 0.12 
1 0 0 
1551
0.5 0.29 0.21 
0 0 1 
2071
0.5 0.17 0.33 
0 0 1 
605
1.0 0.00001 0.00001 
1 0 0 
1556
1.0 0.00001 0.00001 
1 0 0 
1539
0.25 0.6 0.15 
0 0 1 
1555
1.0 0.00001 0.00001 
1 0 0 
1536
0.2 0.68 0.12 
0 0 1 
2028
0.8 0.09 0.11 
0 0 1 
610
1.0 0.00001 0.00001 
1 0 0 
645
0.25 0.24 0.51 
0 0 1 
1538
1.0 0.00001 0.00001 
1 0 0 
1548
0.8 0.08 0.12 
1 0 0 
1501
0.4 0.34 0.26 
0 0 1 
1482
0.2 0.52 0.28 
0 0 1 
1557
0.8 0.11 0.09 
1 0 0 
1524
0.6 0.34 0.06 
0 0 1 
1575
0.75 0.02 0.23 
1 0 0 
1593
0.8 0.15 0.05 
1 0 0 
1596
0.8 0.01 0.19 
1 0 0 
2042
0.4 0.12 0.48 
0 0 1 
2048
0.4 0.32 0.28 
0 0 1 
2043
0.00001 0.88 0.12 
0 0 1 
656
0.75 0.05 0.2 
1 0 0 
1487
0.4 0.52 0.08 
1 0 0 
2076
0.4 0.14 0.46 
0 0 1 
1590
0.4 0.16 0.44 
0 0 1 
2037
0.2 0.5 0.3 
0 0 1 
1520
1.0 0.00001 0.00001 
1 0 0 
1569
0.5 0.18 0.32 
1 0 0 
2058
0.4 0.39 0.21 
0 0 1 
1546
0.5 0.15 0.35 
1 0 0 
1563
0.25 0.7 0.05 
1 0 0 
634
0.8 0.09 0.11 
1 0 0 
2082
0.75 0.15 0.1 
0 0 1 
2054
0.5 0.32 0.18 
0 0 1 
2033
0.00001 0.21 0.79 
0 0 1 
1503
1.0 0.00001 0.00001 
1 0 0 
1562
0.5 0.41 0.09 
0 0 1 
604
1.0 0.00001 0.00001 
1 0 0 
2055
0.00001 0.64 0.36 
0 0 1 
1470
0.8 0.09 0.11 
1 0 0 
2056
0.00001 0.04 0.96 
0 0 1 
1576
0.4 0.14 0.46 
1 0 0 
1581
1.0 0.00001 0.00001 
1 0 0 
1529
0.75 0.15 0.1 
1 0 0 
621
0.6 0.12 0.28 
1 0 0 
1479
0.5 0.28 0.22 
0 0 1 
1552
0.4 0.19 0.41 
0 0 1 
2032
0.2 0.51 0.29 
0 0 1 
1554
0.2 0.28 0.52 
0 0 1 
2053
0.2 0.61 0.19 
0 0 1 
1560
0.75 0.12 0.13 
1 0 0 
1553
0.5 0.29 0.21 
1 0 0 
2036
0.5 0.37 0.13 
0 0 1 
2070
0.2 0.57 0.23 
0 0 1 
1516
0.00001 0.71 0.29 
0 0 1 
2077
0.00001 0.98 0.02 
0 0 1 
1591
0.5 0.47 0.03 
1 0 0 
1568
0.00001 0.95 0.05 
0 0 1 
2034
0.5 0.32 0.18 
0 0 1 
1530
0.6 0.12 0.28 
0 0 1 
644
0.00001 0.59 0.41 
0 0 1 
1469
0.2 0.64 0.16 
0 0 1 
1537
1.0 0.00001 0.00001 
1 0 0 
1549
0.00001 0.37 0.63 
0 0 1 
1472
0.5 0.44 0.06 
1 0 0 
2073
0.8 0.1 0.1 
0 0 1 
1594
1.0 0.00001 0.00001 
1 0 0 
1506
0.6 0.32 0.08 
0 0 1 
2074
0.00001 0.68 0.32 
0 0 1 
1462
0.4 0.55 0.05 
0 0 1 
1532
1.0 0.00001 0.00001 
1 0 0 
1509
0.4 0.39 0.21 
0 0 1 
1584
0.75 0.11 0.14 
1 0 0 
1481
1.0 0.00001 0.00001 
1 0 0 
1488
0.75 0.09 0.16 
0 0 1 
2045
0.00001 0.45 0.55 
0 0 1 
1475
0.8 0.18 0.02 
1 0 0 
1522
0.00001 0.6 0.4 
0 0 1 
1577
1.0 0.00001 0.00001 
1 0 0 
618
0.5 0.34 0.16 
1 0 0 
1502
0.25 0.7 0.05 
1 0 0 
1507
0.25 0.32 0.43 
0 0 1 
1510
0.8 0.01 0.19 
1 0 0 
1500
0.4 0.29 0.31 
0 0 1 
1565
0.6 0.23 0.17 
1 0 0 
2031
0.00001 
0 
1547
0.5 0.14 0.36 
0 0 1 
1585
0.25 0.05 0.7 
1 0 0 
1091
0.8 0.08 0.12 
1 0 0 
164
0.75 0.14 0.11 
1 0 0 
910
0.00001 
0 
1824
0.25 
0 
2125
0.2 
0 
1004
0.2 0.36 0.44 
0 1 0 
1042
0.6 
0 
337
0.4 0.41 0.19 
0 1 0 
1827
0.25 
0 
914
0.25 
0 
1044
0.8 0.01 0.19 
1 0 0 
985
0.5 0.35 0.15 
1 0 0 
1074
0.6 0.02 0.38 
1 0 0 
1093
0.8 0.11 0.09 
1 0 0 
1065
0.8 
1 
1833
0.25 
0 
981
0.4 
0 
1840
0.5 0.4 0.1 
0 0 1 
1841
0.4 
0 
993
0.00001 
0 
1053
0.8 0.15 0.05 
1 0 0 
986
0.4 0.45 0.15 
0 1 0 
1111
0.2 0.34 0.46 
0 0 1 
1066
1.0 0.00001 0.00001 
1 0 0 
979
0.4 0.19 0.41 
0 1 0 
994
0.25 
0 
1046
0.5 0.4 0.1 
1 0 0 
142
1.0 
1 
166
1.0 0.00001 0.00001 
1 0 0 
1839
0.4 
0 
328
0.6 0.36 0.04 
1 0 0 
1082
1.0 0.00001 0.00001 
1 0 0 
978
0.75 0.03 0.22 
1 0 0 
1132
1.0 
1 
1143
0.8 0.18 0.02 
1 0 0 
2126
0.25 
0 
330
0.00001 
0 
1137
1.0 0.00001 0.00001 
1 0 0 
1129
0.75 0.06 0.19 
1 0 0 
1087
1.0 0.00001 0.00001 
1 0 0 
1061
0.00001 
0 
909
0.4 
0 
915
0.2 0.36 0.44 
0 0 1 
2179
0.00001 
0 
1078
0.6 
0 
1016
0.4 
0 
1103
0.2 
0 
219
0.75 0.1 0.15 
1 0 0 
1844
0.00001 0.6 0.4 
0 0 1 
1831
0.25 
0 
1013
0.5 
0 
1834
0.2 0.54 0.26 
0 0 1 
1121
0.6 0.32 0.08 
1 0 0 
236
1.0 0.00001 0.00001 
1 0 0 
1055
0.4 0.32 0.28 
0 0 1 
920
0.75 0.1 0.15 
1 0 0 
1021
0.75 0.24 0.01 
1 0 0 
2134
0.5 
0 
919
0.6 0.04 0.36 
1 0 0 
931
0.4 0.5 0.1 
0 0 1 
2190
0.6 
0 
987
0.6 0.26 0.14 
1 0 0 
1070
0.8 0.18 0.02 
1 0 0 
1033
0.8 
1 
1133
0.4 
0 
1027
0.5 0.08 0.42 
0 1 0 
1040
0.6 
0 
1019
0.8 
1 
1845
0.75 
0 
1024
0.6 
0 
1830
0.25 
0 
1092
1.0 
1 
1822
0.25 0.58 0.17 
0 1 0 
1030
0.4 0.01 0.59 
1 0 0 
2133
0.00001 
0 
1076
1.0 0.00001 0.00001 
1 0 0 
1095
1.0 0.00001 0.00001 
1 0 0 
1130
1.0 0.00001 0.00001 
1 0 0 
1123
0.4 0.47 0.13 
0 0 1 
1125
0.8 0.05 0.15 
1 0 0 
1107
0.8 0.09 0.11 
1 0 0 
1028
0.00001 
0 
1825
0.6 
0 
1026
0.00001 
0 
1012
0.2 0.55 0.25 
0 1 0 
1029
1.0 0.00001 0.00001 
1 0 0 
1836
0.8 0.02 0.18 
0 1 0 
974
0.6 0.22 0.18 
0 1 0 
1144
0.25 0.63 0.12 
0 1 0 
1071
0.6 
0 
185
0.6 0.17 0.23 
0 1 0 
1051
0.00001 
0 
1826
0.5 0.21 0.29 
0 1 0 
2187
0.2 
0 
1134
1.0 0.00001 0.00001 
1 0 0 
1000
0.25 0.37 0.38 
0 0 1 
1088
0.6 0.08 0.32 
1 0 0 
1821
1.0 
0 
1108
0.75 
1 
139
1.0 0.00001 0.00001 
1 0 0 
922
0.8 0.2 0.00001 
1 0 0 
1077
0.8 
0 
1843
0.4 
0 
1032
0.2 0.35 0.45 
0 1 0 
1056
0.00001 
0 
1829
0.25 
0 
1837
0.00001 
0 
1050
0.25 
0 
1049
1.0 
1 
1381
0.6 0.24 0.16 
1 0 0 
1008
0.5 0.05 0.45 
0 1 0 
186
0.25 0.37 0.38 
1 0 0 
339
1.0 
1 
1062
1.0 
1 
997
0.75 
0 
1835
1.0 0.00001 0.00001 
0 0 1 
2124
0.00001 
0 
1122
1.0 
1 
