266 0.8 1
934 0.3 0
961 0.6 1
1814 0.9 1
134 0.4 0
103 0.3 0
303 0.8 1
2139 0.6 0
82 0.9 1
938 0.3 0
965 0.2 0
278 0.9 1
2129 0.2 0
1847 0.2 0
133 0.8 1
321 0.9 1
325 0.9 1
936 0.4 0
1848 0.5 0
2122 0.3 0
1816 0.3 0
1325 0.6 0
2123 0.2 0
1333 0.4 0
1216 0.7 1
1285 0.3 0
25 0.2 0
550 0.2 0
1299 0.7 1
1349 0.3 0
1271 0.5 1
1196 0.2 0
308 0.3 0
283 0.7 1
1301 0.3 0
1309 0.7 1
1324 0.5 0
1341 0.6 0
1307 0.3 0
1212 0.8 0
1334 0.7 0
1305 0.4 1
1201 0.5 0
1265 0.9 1
1277 0.9 1
1353 0.7 0
1154 0.7 1
1223 0.8 1
1310 0.3 0
1321 0.5 0
2097 0.8 0
1263 0.9 1
1252 0.6 1
1300 0.7 1
277 0.7 1
315 0.8 1
962 0.3 0
320 0.4 0
2017 0.4 0
136 0.2 0
116 0.7 1
959 0.2 0
968 0.9 1
2026 0.2 0
2127 0.2 0
2136 0.3 0
2135 0.5 0
310 0.9 1
291 0.9 1
2020 0.4 0
281 0.9 1
2138 0.5 0
272 0.9 1
101 0.7 1
305 0.5 1
2023 0.5 0
2022 0.4 0
261 0.9 1
311 0.7 1
2121 0.4 0
104 0.3 0
937 0.9 1
285 0.6 1
2018 0.2 0
2027 0.4 0
75 0.8 1
1358 0.4 0
1815 0.4 0
967 0.4 0
1849 0.3 0
313 0.9 1
298 0.9 1
2021 0.4 0
93 0.9 1
2024 0.4 0
293 0.9 1
113 0.5 0
966 0.3 1
1859 0.1 0
756 0.2 0
716 0.5 1
885 0.8 1
1417 0.2 0
828 0.2 0
893 0.8 1
2149 0.2 0
1867 0.3 0
742 0.1 0
276 0.8 1
1368 0.6 1
2113 0.1 0
1380 0.2 0
1370 0.3 0
1407 0.5 0
1383 0.7 1
731 0.4 0
1401 0.4 0
692 0.8 1
845 0.8 1
2144 0.2 0
1808 0.8 1
861 0.4 0
755 0.4 0
1376 0.3 0
1363 0.3 0
704 0.9 1
858 0.8 1
1865 0.3 0
864 0.8 1
863 0.5 0
1203 0.6 0
1278 0.6 1
1174 0.4 0
2102 0.3 0
1335 0.7 1
1336 0.7 0
1166 0.8 1
1192 0.8 1
1267 0.4 0
1420 0.4 0
1995 0.9 1
1270 0.9 1
1248 0.5 0
1987 0.6 1
1319 0.4 0
1268 0.9 1
1266 0.8 1
1348 0.5 0
1312 0.8 1
1308 0.5 0
1302 0.5 0
1896 0.4 0
1347 0.6 0
1253 0.8 1
2108 0.7 0
1231 0.5 0
1332 0.9 0
1249 0.4 0
1258 0.4 1
1168 0.6 1
1327 0.4 0
1194 0.4 0
1343 0.3 1
1311 0.8 1
1891 0.9 1
2106 0.5 0
1340 0.6 0
1898 0.8 1
1675 0.5 0
1082 0.8 1
2063 0.1 0
328 0.8 1
1839 0.5 0
2014 0.5 0
1691 0.5 1
1871 0.7 1
166 0.9 1
1884 0.4 0
1613 0.6 1
1889 0.8 1
1913 0.5 0
1644 0.5 0
1132 0.9 1
978 0.9 1
1922 0.7 1
1093 0.8 1
758 0.3 0
759 0.8 1
1813 0.3 0
1418 0.8 1
1390 0.9 1
2153 0.7 1
1809 0.9 1
1869 0.2 0
1365 0.2 0
892 0.6 1
898 0.9 1
1860 0.3 0
872 0.4 1
862 0.8 1
1389 0.2 0
1398 0.9 1
1866 0.2 0
1828 0.2 0
729 0.2 0
734 0.2 0
1862 0.4 0
715 0.9 1
850 0.9 1
1411 0.3 0
2151 0.3 0
2157 0.4 0
880 0.8 1
832 0.9 1
868 0.1 0
1853 0.1 0
2176 0.3 0
807 0.9 1
899 0.8 1
696 0.8 1
2168 0.3 0
1372 0.6 0
1412 0.7 1
2163 0.3 0
1355 0.3 0
1330 0.8 1
1251 0.8 1
2096 0.7 0
1313 0.9 1
1235 0.5 0
736 0.9 1
887 0.2 0
1317 0.5 0
1316 0.6 1
882 0.3 0
1393 0.9 1
1274 0.8 1
2162 0.3 0
2109 0.4 0
1292 0.4 0
1338 0.7 1
1261 0.9 1
1283 0.9 1
1350 0.5 0
1303 0.3 0
1342 0.9 0
1351 0.6 0
1183 0.4 0
1339 0.5 0
1250 0.6 1
1198 0.5 0
1260 0.6 1
1213 0.8 1
1208 0.8 1
1276 0.6 1
1315 0.7 1
1354 0.7 0
317 0.9 1
1846 0.3 0
2019 0.5 0
2016 0.4 1
323 0.5 0
306 0.8 1
322 0.9 1
312 0.7 1
263 0.7 1
2025 0.3 0
932 0.9 1
300 0.9 1
316 0.7 0
1280 0.7 1
2103 0.6 0
1284 0.9 1
1245 0.8 1
1163 0.8 1
1233 0.7 1
1352 0.7 0
1195 0.9 1
1318 0.6 0
1356 0.6 0
1275 0.6 1
1322 0.4 0
1214 0.7 1
1240 0.3 1
1282 0.6 0
1236 0.5 0
1328 0.5 0
1290 0.5 1
1273 0.8 1
1218 0.3 0
1288 0.8 1
1189 0.9 1
1337 0.4 0
2093 0.5 0
997 0.2 0
1050 0.3 0
1837 0.2 0
1062 0.9 1
2134 0.4 0
1019 0.8 1
1021 0.9 1
920 0.8 1
1040 0.3 0
1027 0.4 0
1055 0.4 0
1133 0.5 0
236 0.7 1
1033 0.6 1
1121 0.9 1
1834 0.2 0
1070 0.8 1
987 0.8 1
1061 0.2 0
1831 0.2 0
1844 0.2 0
1087 0.8 1
1129 0.8 1
219 0.8 1
1103 0.3 0
1137 0.7 1
330 0.2 0
1016 0.5 0
1078 0.3 0
2126 0.2 0
2179 0.1 0
915 0.2 0
1013 0.2 0
909 0.3 0
1502 0.6 1
618 0.6 1
1577 0.8 1
164 0.9 1
1091 0.9 1
1522 0.2 0
1475 0.8 1
1585 0.4 1
2045 0.3 0
1547 0.3 0
1488 0.6 0
2031 0.2 0
1481 0.9 1
1565 0.7 1
1143 0.8 1
1584 0.8 1
1500 0.3 0
1510 0.7 1
1509 0.2 0
1507 0.3 0
1462 0.2 0
2034 0.1 0
2074 0.4 0
1506 0.4 0
1594 0.8 1
1568 0.2 0
1591 0.6 1
2073 0.5 0
1472 0.8 1
2077 0.2 0
1516 0.2 0
2070 0.2 0
1549 0.1 0
1537 0.8 1
2036 0.3 0
1469 0.1 0
644 0.2 0
1532 0.9 1
1530 0.2 0
2055 0.3 0
1554 0.4 0
2032 0.2 0
1111 0.1 0
1074 0.8 1
1066 0.8 1
986 0.2 0
985 0.8 1
1053 0.8 1
1044 0.8 1
993 0.2 0
1841 0.6 0
142 0.8 1
1840 0.4 0
1046 0.8 1
981 0.4 0
1833 0.4 0
994 0.3 0
979 0.2 0
1065 0.9 1
1824 0.3 0
910 0.2 0
1622 0.3 0
1629 0.2 0
1948 0.8 1
1608 0.3 0
914 0.3 0
1827 0.3 0
1682 0.6 1
337 0.3 0
1618 0.4 0
1042 0.3 0
2006 0.3 0
1004 0.3 0
1459 0.4 0
1893 0.4 0
2125 0.2 0
1647 0.5 0
1669 0.6 1
1895 0.8 1
1663 0.3 0
1878 0.2 0
2092 0.1 0
1627 0.9 1
1624 0.2 0
1900 0.8 1
1686 0.3 0
2087 0.3 0
2062 0.2 0
1901 0.1 0
1603 0.7 1
1881 0.8 1
1894 0.4 0
1998 0.4 0
1661 0.9 1
1687 0.9 1
1874 0.4 0
1621 0.6 1
1672 0.3 0
1873 0.7 1
1657 0.4 0
1888 0.9 1
1667 0.3 0
2008 0.3 0
1952 0.8 1
1616 0.9 1
1897 0.7 1
1890 0.4 0
1877 0.8 1
1938 0.3 0
1634 0.5 1
1689 0.9 1
1688 0.4 0
1642 0.3 0
1875 0.8 1
1876 0.4 0
1598 0.9 1
1696 0.9 1
1899 0.2 0
1911 0.8 1
1694 0.5 1
1923 0.8 1
1620 0.2 0
1907 0.3 0
1880 0.4 0
2010 0.5 0
1628 0.3 0
1921 0.8 1
831 0.4 0
1645 0.2 0
1683 0.4 0
2152 0.2 0
1410 0.1 0
1650 0.2 0
2090 0.3 0
1697 0.9 1
1662 0.4 0
1999 0.4 0
1641 0.5 1
1615 0.6 0
1885 0.4 0
2175 0.5 0
1820 0.4 0
1374 0.3 0
1886 0.7 1
1850 0.4 0
875 0.8 1
724 0.8 1
905 0.3 0
739 0.9 1
900 0.3 0
854 0.4 0
1367 0.3 0
711 0.8 1
839 0.8 1
866 0.8 1
722 0.3 0
727 0.2 0
1388 0.4 0
689 0.7 1
1856 0.3 0
881 0.9 1
901 0.9 1
846 0.8 1
870 0.7 1
904 0.9 1
853 0.6 1
865 0.4 0
833 0.9 1
2167 0.1 0
741 0.9 1
2169 0.2 0
2117 0.5 0
2145 0.1 0
749 0.7 1
1800 0.2 0
1405 0.7 1
1854 0.2 0
1387 0.9 1
897 0.7 1
859 0.3 0
2173 0.1 0
2112 0.2 0
876 0.8 1
894 0.7 1
840 0.3 0
1385 0.4 0
1861 0.8 1
2148 0.3 0
2155 0.4 0
878 0.8 1
856 0.8 1
825 0.4 1
883 0.6 1
888 0.6 1
1863 0.2 0
852 0.1 0
2146 0.1 0
726 0.4 1
604 0.6 1
1552 0.3 0
1562 0.2 0
1479 0.3 0
1503 0.9 1
2033 0.2 0
621 0.6 1
2054 0.2 0
1529 0.7 1
1581 0.9 1
1553 0.4 1
1576 0.6 1
2056 0.3 0
1560 0.6 1
1470 0.6 1
2053 0.3 0
1569 0.6 1
1593 0.9 1
1575 0.6 1
1520 0.9 1
1524 0.2 0
2037 0.4 0
1590 0.3 0
1557 0.7 1
2076 0.4 0
1487 0.6 1
656 0.7 1
2082 0.9 0
634 0.8 1
2043 0.2 0
1501 0.4 0
2071 0.5 0
1551 0.4 0
1548 0.8 1
1538 0.9 1
1586 0.5 1
1461 0.6 1
645 0.2 0
610 0.9 1
2030 0.5 0
1589 0.2 0
2028 0.8 0
1582 0.2 0
1573 0.8 1
1525 0.6 1
1483 0.7 1
2079 0.6 0
1533 0.8 1
1550 0.7 1
1540 0.6 1
2041 0.5 0
2088 0.2 0
1508 0.6 1
1541 0.8 1
1559 0.9 1
1468 0.9 1
1588 0.8 1
1566 0.7 1
2047 0.4 0
1498 0.6 0
1561 0.9 1
1451 0.8 1
2029 0.3 0
1572 0.5 1
1512 0.8 1
1595 0.8 1
1982 0.4 0
1504 0.3 0
1423 0.9 1
2039 0.4 0
1996 0.9 1
2040 0.2 0
2038 0.1 0
1359 0.5 0
1424 0.4 0
1480 0.9 1
1432 0.2 0
1968 0.8 1
1521 0.5 1
1531 0.2 0
2035 0.3 0
1981 0.4 0
1988 0.9 1
473 0.6 1
1960 0.6 0
1969 0.8 1
1980 0.9 1
539 0.3 0
554 0.2 0
1956 0.5 0
1445 0.5 0
472 0.8 1
1442 0.3 0
1954 0.3 0
39 0.9 1
1422 0.9 1
1964 0.4 0
1962 0.3 0
1957 0.5 0
2049 0.9 1
35 0.4 1
1992 0.2 0
1646 0.2 0
1625 0.6 1
1947 0.6 1
1693 0.4 0
1630 0.7 0
1617 0.3 0
1680 0.3 0
1872 0.8 1
1664 0.9 1
1673 0.1 0
1666 0.2 0
1609 0.9 1
1940 0.6 1
1607 0.5 0
1623 0.7 1
1640 0.8 1
1668 0.9 1
1611 0.6 1
1654 0.9 1
1829 0.2 0
339 0.8 1
1056 0.1 0
186 0.5 1
1008 0.5 0
1381 0.7 1
1122 0.9 1
2124 0.1 0
1049 0.8 1
1835 0.5 0
1071 0.4 0
1108 0.7 1
1144 0.2 0
1821 0.9 0
1088 0.8 1
1000 0.4 0
1032 0.5 0
1134 0.9 1
1843 0.3 0
2187 0.3 0
1051 0.1 0
1826 0.3 0
1077 0.5 0
922 0.8 1
139 0.8 1
185 0.4 0
1028 0.2 0
1830 0.2 0
1107 0.9 1
1125 0.9 1
1123 0.2 0
1130 0.8 1
974 0.7 0
1095 0.9 1
1836 0.4 0
2133 0.4 0
1076 0.6 1
1030 0.4 1
1012 0.2 0
1029 0.8 1
1822 0.4 0
1026 0.1 0
1092 0.9 1
1825 0.3 0
2190 0.4 0
931 0.4 0
1024 0.4 0
919 0.5 1
1845 0.7 0
1979 0.3 0
507 0.5 1
1994 0.8 1
553 0.4 0
1984 0.4 0
1441 0.4 0
1427 0.3 0
1990 0.4 0
48 0.4 1
1955 0.9 1
1421 0.3 0
1425 0.3 0
1563 0.6 1
2048 0.3 0
1546 0.7 1
2042 0.4 0
2058 0.2 0
1596 0.5 1
1476 0.8 1
1555 0.9 1
1536 0.4 0
1597 0.6 1
1539 0.3 0
1556 0.7 1
1482 0.3 0
605 0.9 1